0 0.986997 0.670450 0.010561 0.275088
0 0.978257 0.670703 0.009833 0.277622
0 0.969517 0.672476 0.007648 0.282181
0 0.960069 0.676826 0.009833 0.289274
0 0.950418 0.678853 0.008012 0.294340
0 0.940404 0.680373 0.009833 0.291300
0 0.930337 0.480057 0.012942 0.153657
0 0.900881 0.599272 0.059136 0.080241
0 0.907910 0.554431 0.033446 0.014835
0 0.934812 0.679513 0.117303 0.298713
0 0.868261 0.681304 0.006621 0.286380
0 0.858179 0.679838 0.008728 0.284287
0 0.849601 0.680048 0.008427 0.286380
0 0.839970 0.679629 0.008427 0.283868
0 0.830037 0.681094 0.007223 0.286799
0 0.821008 0.678373 0.010835 0.282194
0 0.810048 0.478982 0.009833 0.154009
0 0.838612 0.546586 0.071388 0.018685
0 0.787568 0.553823 0.032144 0.011179
0 0.781562 0.604937 0.063180 0.080277
0 0.820830 0.681442 0.122150 0.309502
0 0.670726 0.719547 0.008813 0.368355
0 0.661766 0.719291 0.009614 0.370027
0 0.652097 0.692046 0.007648 0.314097
0 0.643357 0.697112 0.008376 0.326256
0 0.634070 0.697365 0.009469 0.325749
0 0.624237 0.698885 0.009469 0.326763
0 0.615861 0.680647 0.009469 0.290287
0 0.605118 0.687487 0.009833 0.302952
0 0.665728 0.545890 0.206304 0.030069
0 0.564166 0.605887 0.062573 0.075991
0 0.649805 0.716422 0.243421 0.388971
0 0.328844 0.787225 0.011193 0.117301
0 0.300079 0.805579 0.011532 0.155395
0 0.271926 0.798186 0.011759 0.136206
0 0.244322 0.798190 0.010484 0.139266
0 0.215645 0.797332 0.012745 0.141554
0 0.187585 0.790183 0.015829 0.128399
0 0.159216 0.790897 0.015007 0.130401
0 0.450146 0.860326 0.047576 0.010654
0 0.450494 0.835710 0.089118 0.015658
0 0.449798 0.820697 0.057787 0.011138
0 0.450052 0.781164 0.017870 0.010815
0 0.422604 0.762304 0.019468 0.020144
0 0.450169 0.810876 0.103426 0.117993
0 0.393363 0.747847 0.041392 0.038458
0 0.408156 0.660253 0.024464 0.013708
0 0.412658 0.671125 0.044002 0.037814
0 0.441916 0.669747 0.108391 0.047976
0 0.456615 0.570092 0.112592 0.013536
0 0.475149 0.549573 0.054520 0.021915
0 0.256836 0.673359 0.210231 0.054345
0 0.258988 0.613948 0.222480 0.056188
0 0.223954 0.554975 0.032517 0.039775
0 0.167796 0.553415 0.030462 0.042895
0 0.129324 0.544596 0.019563 0.017585
0 0.110814 0.605096 0.033709 0.090017
0 0.303649 0.600903 0.443521 0.206335
0 0.704708 0.467461 0.056758 0.010381
0 0.703690 0.494671 0.047487 0.011953
0 0.703125 0.454407 0.027814 0.010695
0 0.703125 0.415401 0.021030 0.011324
0 0.675199 0.397313 0.020804 0.019818
0 0.704382 0.446527 0.107961 0.119534
0 0.371381 0.408297 0.042142 0.039749
0 0.459563 0.494113 0.046755 0.011329
0 0.459493 0.466963 0.058690 0.009766
0 0.459801 0.454873 0.029191 0.010867
0 0.458876 0.414837 0.021996 0.010867
0 0.430610 0.395249 0.021790 0.024307
0 0.457510 0.443108 0.107433 0.126146
0 0.237212 0.499570 0.014673 0.015040
0 0.163231 0.521055 0.021468 0.020196
0 0.216439 0.496992 0.015136 0.017188
0 0.160915 0.495810 0.014055 0.015684
0 0.228192 0.470778 0.039314 0.018751
0 0.172311 0.470875 0.036787 0.020118
0 0.196201 0.416967 0.094521 0.085121
0 0.291468 0.394475 0.084571 0.011073
0 0.231862 0.366817 0.018858 0.029069
0 0.213428 0.366935 0.016649 0.028833
0 0.176477 0.365754 0.018518 0.031196
0 0.157704 0.365990 0.019028 0.030724
0 0.282056 0.368607 0.048977 0.023599
0 0.131651 0.372750 0.013198 0.009571
0 0.128779 0.362246 0.017785 0.012180
0 0.102375 0.424668 0.037211 0.084498
0 0.212368 0.418959 0.261027 0.146159
0 0.218171 0.344627 0.014551 0.014027
0 0.592924 0.303379 0.014951 0.014818
0 0.557570 0.302895 0.016240 0.014298
0 0.163613 0.340398 0.018858 0.017962
0 0.252418 0.333191 0.012974 0.013750
0 0.252572 0.320192 0.013900 0.014395
0 0.203612 0.319763 0.011738 0.013536
0 0.160908 0.319440 0.012201 0.016758
0 0.102206 0.307931 0.049953 0.014584
0 0.379856 0.252424 0.024209 0.015435
0 0.666540 0.253421 0.023556 0.013237
0 0.668127 0.264760 0.033438 0.037305
0 0.694538 0.255327 0.018058 0.011304
0 0.610115 0.275842 0.047253 0.012979
0 0.566624 0.274796 0.034311 0.017585
0 0.699053 0.198386 0.058991 0.010467
0 0.705072 0.172637 0.049360 0.020934
0 0.631183 0.166356 0.015952 0.022609
0 0.593110 0.166775 0.013845 0.021772
0 0.555037 0.166356 0.012340 0.021772
0 0.572493 0.224135 0.050263 0.043543
0 0.525993 0.177033 0.013845 0.009630
0 0.522532 0.164682 0.018961 0.014235
0 0.498604 0.229159 0.043340 0.078713
0 0.605505 0.221458 0.258898 0.140929
0 0.408496 0.254781 0.016651 0.012297
0 0.380435 0.267507 0.037003 0.046899
0 0.218294 0.278636 0.051647 0.026233
0 0.170725 0.279818 0.031600 0.024815
0 0.304310 0.198146 0.060692 0.010035
0 0.310777 0.172541 0.049250 0.021107
0 0.237273 0.167046 0.018296 0.024593
0 0.198728 0.166617 0.017679 0.024307
0 0.160595 0.167332 0.015418 0.023449
0 0.178353 0.223145 0.051187 0.044611
0 0.131648 0.176532 0.013455 0.010399
0 0.128845 0.165873 0.017193 0.012479
0 0.103990 0.228006 0.046347 0.080591
0 0.266166 0.223019 0.378301 0.143598
0 0.405204 0.220525 0.669939 0.156971
0 0.554699 0.132177 0.008003 0.012500
0 0.554628 0.107469 0.009267 0.013086
0 0.544589 0.120751 0.020359 0.024024
0 0.519667 0.139892 0.026677 0.009180
0 0.525634 0.130126 0.014743 0.010352
0 0.524722 0.118895 0.015445 0.010938
0 0.529355 0.122313 0.062341 0.045509
0 0.160749 0.132459 0.007806 0.011299
0 0.161435 0.108026 0.009811 0.012033
0 0.150359 0.119178 0.020992 0.027882
0 0.125674 0.139796 0.027322 0.009245
0 0.131634 0.130331 0.015823 0.008511
0 0.131247 0.118672 0.016034 0.012011
0 0.140704 0.125249 0.064138 0.047471
0 0.236343 0.092112 0.011513 0.009766
0 0.199065 0.079221 0.009969 0.008985
0 0.161717 0.065255 0.011654 0.010352
0 0.383809 0.091167 0.509734 0.014093
0 0.363547 0.079299 0.471344 0.015576
0 0.341420 0.065948 0.431354 0.015576
0 0.101663 0.089455 0.049337 0.013258
0 0.103158 0.076716 0.043730 0.011699
0 0.103532 0.062808 0.043730 0.013518
0 0.095963 0.074116 0.061110 0.052774
