0 0.532739 0.622405 0.047509 0.012111
0 0.532366 0.602163 0.092033 0.024913
0 0.532614 0.581920 0.028356 0.013495
0 0.531303 0.542711 0.023837 0.011974
0 0.504320 0.524289 0.021520 0.023028
0 0.535772 0.574028 0.109585 0.125270
0 0.607583 0.409036 0.068950 0.016367
0 0.486268 0.354737 0.010835 0.095879
0 0.355621 0.415372 0.013568 0.009122
0 0.470912 0.443526 0.013082 0.010399
0 0.468949 0.432867 0.014390 0.012479
0 0.488759 0.434427 0.055130 0.042115
0 0.497449 0.433907 0.031022 0.035876
0 0.546385 0.472329 0.199177 0.340213
0 0.783722 0.217448 0.008939 0.114217
0 0.773790 0.216067 0.010925 0.114217
0 0.177255 0.435386 0.014775 0.017509
0 0.157281 0.435576 0.012039 0.017889
0 0.178623 0.493812 0.015870 0.017889
0 0.159743 0.494002 0.015870 0.018270
0 0.763954 0.216639 0.008208 0.113806
0 0.755883 0.216258 0.006293 0.113806
0 0.824994 0.172048 0.192323 0.028471
0 0.713801 0.227711 0.055627 0.063542
0 0.806080 0.210930 0.242762 0.131516
0 0.540755 0.216403 0.010594 0.112836
0 0.530657 0.216403 0.012250 0.114678
0 0.523208 0.216863 0.008608 0.112836
0 0.513772 0.215942 0.009601 0.114678
0 0.584291 0.171499 0.194339 0.025791
0 0.472554 0.227456 0.056282 0.069544
0 0.560453 0.210415 0.250621 0.133100
0 0.419514 0.400017 0.009576 0.011419
0 0.382576 0.397924 0.008482 0.012561
0 0.349332 0.424377 0.024625 0.009135
0 0.352205 0.404775 0.018879 0.011799
0 0.398583 0.429135 0.060195 0.070415
0 0.375052 0.428183 0.117106 0.089066
0 0.380847 0.132433 0.020758 0.019251
0 0.417404 0.117825 0.015864 0.015938
0 0.158997 0.275063 0.011892 0.013944
0 0.160356 0.320322 0.016310 0.015126
0 0.156865 0.385849 0.021255 0.059737
0 0.126603 0.384345 0.024569 0.007417
0 0.133700 0.375425 0.010664 0.008620
0 0.129343 0.365212 0.018158 0.012111
0 0.140956 0.386085 0.059924 0.067701
0 0.324279 0.599314 0.035425 0.129876
0 0.498614 0.030828 0.992080 0.036569
0 0.266924 0.601226 0.072781 0.130554
0 0.231996 0.604972 0.025100 0.139037
0 0.222455 0.595257 0.016055 0.120163
0 0.210810 0.612086 0.014924 0.155709
0 0.202782 0.594785 0.013794 0.120478
0 0.324212 0.543512 0.037763 0.018559
0 0.286223 0.543354 0.038668 0.013841
0 0.247895 0.542253 0.037537 0.017930
0 0.207913 0.542287 0.041936 0.018588
0 0.199741 0.563167 0.012334 0.013778
0 0.194260 0.657972 0.014931 0.249251
0 0.174078 0.576547 0.006290 0.029475
0 0.176171 0.657817 0.014447 0.249536
0 0.154050 0.569684 0.008126 0.021353
0 0.156456 0.657940 0.014982 0.248264
0 0.239960 0.544843 0.209312 0.024520
0 0.143794 0.707438 0.013319 0.012595
0 0.134870 0.695399 0.031699 0.013706
0 0.159643 0.708365 0.095098 0.040377
0 0.177359 0.775398 0.048433 0.012797
0 0.143688 0.844438 0.010189 0.008855
0 0.159698 0.843426 0.004730 0.007843
0 0.160267 0.805790 0.003632 0.009766
0 0.155060 0.824648 0.011624 0.034012
0 0.150052 0.824433 0.027365 0.053208
0 0.163745 0.828997 0.169365 0.144246
