0 0.884732 0.909549 0.051557 0.025133
0 0.792414 0.910469 0.052879 0.024520
0 0.697453 0.910162 0.050675 0.025133
0 0.606016 0.909856 0.056404 0.026972
0 0.511936 0.907097 0.055082 0.026359
0 0.415025 0.906814 0.061291 0.030515
0 0.303412 0.893801 0.062581 0.031412
0 0.208250 0.892903 0.054194 0.035002
0 0.492980 0.761394 0.882915 0.251943
0 0.517535 0.743049 0.790921 0.152636
0 0.501055 0.743638 0.838582 0.192385
0 0.520542 0.696332 0.743647 0.017918
0 0.861461 0.738703 0.059824 0.044059
0 0.769379 0.737071 0.058651 0.047322
0 0.683978 0.736011 0.048681 0.051402
0 0.586910 0.737235 0.052786 0.045690
0 0.490136 0.739275 0.057478 0.044874
0 0.396000 0.735196 0.048681 0.046506
0 0.281537 0.737150 0.049854 0.042427
0 0.187109 0.736742 0.058065 0.039979
0 0.868758 0.538686 0.048094 0.043243
0 0.774036 0.540726 0.053373 0.055481
0 0.683126 0.541949 0.059238 0.057929
0 0.585179 0.537462 0.063930 0.052217
0 0.490163 0.535830 0.054546 0.057113
0 0.399840 0.532975 0.053373 0.059561
0 0.271835 0.536553 0.082403 0.041806
0 0.180222 0.536890 0.075617 0.043829
0 0.507907 0.480953 0.771727 0.101179
0 0.093234 0.488180 0.080290 0.070957
0 0.906722 0.200299 0.097575 0.115709
0 0.812347 0.201040 0.098641 0.120160
0 0.718504 0.199928 0.096508 0.116451
0 0.624129 0.198444 0.097575 0.120901
0 0.529487 0.197702 0.101307 0.123868
0 0.439377 0.196961 0.094909 0.119418
0 0.342868 0.193222 0.098883 0.111259
0 0.247378 0.194907 0.099853 0.110585
0 0.290484 0.423948 0.067097 0.048464
0 0.200161 0.423948 0.068387 0.050259
0 0.848462 0.424269 0.081918 0.036412
0 0.757512 0.423289 0.083725 0.041071
0 0.661889 0.422982 0.085487 0.041684
0 0.571114 0.422369 0.086369 0.044136
0 0.476153 0.422982 0.083284 0.046588
0 0.384276 0.423902 0.084606 0.049653
0 0.671037 0.291164 0.576900 0.327960
0 0.293203 0.195599 0.203750 0.130315
