0 0.557202 0.124304 0.015150 0.079585
0 0.667783 0.132212 0.016554 0.067408
0 0.922412 0.103897 0.045146 0.012561
0 0.923780 0.089814 0.043504 0.014083
0 0.499052 0.104858 0.881353 0.018461
0 0.506078 0.091284 0.879792 0.015203
0 0.539883 0.328735 0.013220 0.298529
0 0.668993 0.329145 0.018067 0.297916
0 0.693846 0.566572 0.047487 0.011725
0 0.694155 0.539977 0.092917 0.012297
0 0.693846 0.527395 0.029396 0.011153
0 0.693538 0.487788 0.022202 0.011439
0 0.665683 0.469200 0.021174 0.020018
0 0.694463 0.517672 0.105457 0.120392
0 0.564573 0.565950 0.047100 0.012074
0 0.565339 0.539050 0.072373 0.010121
0 0.564701 0.527064 0.028209 0.011364
0 0.564407 0.487392 0.021309 0.011593
0 0.536400 0.468095 0.019094 0.019371
0 0.566067 0.517149 0.110813 0.120657
0 0.669988 0.184779 0.009573 0.009411
0 0.669861 0.158411 0.010594 0.011719
0 0.666734 0.171728 0.016849 0.036933
0 0.638844 0.182204 0.039186 0.008523
0 0.648545 0.171284 0.017487 0.010476
0 0.644820 0.169586 0.068660 0.045183
0 0.559726 0.182858 0.011124 0.012273
0 0.540498 0.183791 0.010645 0.016009
0 0.557712 0.156110 0.011700 0.015875
0 0.522181 0.182457 0.013138 0.009605
0 0.548937 0.169384 0.030976 0.038421
0 0.519688 0.172052 0.017933 0.012807
0 0.537791 0.174868 0.073055 0.064706
0 0.351623 0.611132 0.014184 0.065201
0 0.353793 0.669270 0.012912 0.030724
0 0.334935 0.668324 0.013931 0.029306
0 0.297728 0.669624 0.016989 0.030960
0 0.381157 0.735891 0.016959 0.051274
0 0.354342 0.803047 0.017268 0.029455
0 0.336444 0.803196 0.015970 0.028833
0 0.344881 0.803871 0.040221 0.057474
0 0.328744 0.763324 0.034010 0.015491
0 0.330399 0.732132 0.078855 0.044381
0 0.263643 0.676523 0.020763 0.008579
0 0.265185 0.665513 0.018501 0.011725
0 0.330376 0.744435 0.161040 0.187800
0 0.389944 0.464917 0.042347 0.008007
0 0.426135 0.467487 0.015422 0.017993
0 0.427006 0.420601 0.014676 0.016955
0 0.402381 0.445342 0.017660 0.011073
0 0.469914 0.442054 0.057707 0.064706
0 0.427379 0.445515 0.020397 0.064706
0 0.432438 0.443365 0.142758 0.089670
0 0.278964 0.305453 0.017909 0.015571
0 0.344091 0.300749 0.029849 0.016043
0 0.307345 0.300120 0.030527 0.017301
0 0.313019 0.301053 0.109363 0.032322
0 0.175533 0.438787 0.009497 0.064486
0 0.157246 0.374020 0.011457 0.337148
0 0.138518 0.375552 0.009254 0.313241
0 0.176557 0.534149 0.012437 0.014879
0 0.157156 0.534322 0.010945 0.017301
0 0.138127 0.532764 0.009701 0.014187
0 0.157031 0.546259 0.053976 0.023183
0 0.114746 0.557505 0.030097 0.009689
0 0.120840 0.545048 0.016914 0.013841
0 0.144097 0.547989 0.101734 0.059170
0 0.227342 0.199517 0.025975 0.008008
0 0.314394 0.213385 0.010811 0.017774
0 0.296914 0.214850 0.010390 0.015626
0 0.314394 0.156156 0.013058 0.017774
0 0.297054 0.157133 0.012356 0.017383
0 0.228395 0.190923 0.023027 0.008008
0 0.233309 0.181548 0.012917 0.010352
0 0.231319 0.171568 0.018090 0.011153
0 0.338935 0.181005 0.030219 0.060339
0 0.299255 0.168227 0.111634 0.026644
0 0.285985 0.196393 0.076885 0.034256
0 0.282702 0.182881 0.150761 0.082595
0 0.157420 0.211822 0.011717 0.018588
0 0.140666 0.213538 0.012334 0.017444
0 0.155056 0.159347 0.015212 0.024593
0 0.138713 0.157345 0.009251 0.017158
0 0.069885 0.190838 0.025273 0.008878
0 0.071353 0.182137 0.022593 0.007813
0 0.073621 0.171544 0.017646 0.013474
0 0.127748 0.176182 0.077911 0.038320
0 0.181607 0.181330 0.033097 0.064629
0 0.126514 0.197487 0.071744 0.032886
0 0.122071 0.180503 0.159419 0.083674
0 0.171435 0.181171 0.008208 0.015606
0 0.159084 0.080548 0.015671 0.016609
0 0.139806 0.066534 0.012934 0.015571
0 0.093194 0.096539 0.070891 0.027286
0 0.092730 0.102662 0.067802 0.011602
0 0.092962 0.089771 0.067648 0.011172
0 0.103796 0.076331 0.044088 0.010938
0 0.104499 0.063342 0.042964 0.011914
0 0.103485 0.068908 0.046069 0.026749
