8 0.560800 0.186505 0.051232 0.064497
8 0.395793 0.189165 0.051232 0.069816
4 0.561859 0.037106 0.372975 0.074212
21 0.401364 0.039238 0.021999 0.062956
21 0.439867 0.035739 0.021999 0.067949
21 0.482614 0.035234 0.029499 0.061953
21 0.520609 0.035990 0.024499 0.061458
21 0.561107 0.036989 0.026497 0.058457
21 0.601608 0.035739 0.027500 0.064954
21 0.645352 0.036989 0.025000 0.058457
21 0.684850 0.036738 0.030000 0.057956
21 0.726598 0.036234 0.024499 0.059954
23 0.522119 0.036816 0.509069 0.073633
