1 0.022277 0.594831 0.044555 0.036281
1 0.681176 0.599366 0.046677 0.040168
0 0.929948 0.303688 0.071914 0.053014
0 0.855677 0.298975 0.069557 0.064798
0 0.769030 0.306045 0.058945 0.060085
0 0.684150 0.310758 0.070736 0.064798
0 0.598089 0.307812 0.049512 0.061263
0 0.536198 0.307223 0.071914 0.071868
0 0.283288 0.303154 0.066445 0.061048
0 0.194336 0.313327 0.055729 0.074974
0 0.109665 0.311182 0.057871 0.057832
0 0.038398 0.314935 0.076094 0.063190
3 0.111328 0.768880 0.040365 0.084635
3 0.771484 0.761393 0.052083 0.094401
3 0.847005 0.604818 0.054688 0.048177
