5 0.974733 0.920624 0.028250 0.036993
5 0.889496 0.877790 0.033121 0.040887
5 0.810591 0.851505 0.027276 0.035046
5 0.551957 0.920137 0.026302 0.039914
5 0.467207 0.879250 0.032147 0.039914
5 0.391711 0.851992 0.033121 0.039914
23 0.617360 0.857472 0.765280 0.285056
23 0.656582 0.897381 0.686837 0.205239
5 0.046987 0.517053 0.033492 0.064444
5 0.134967 0.515305 0.026494 0.070938
5 0.556717 0.521392 0.033992 0.059448
5 0.469986 0.527137 0.028494 0.060947
5 0.387755 0.522141 0.034992 0.064943
5 0.971685 0.519942 0.026944 0.058249
5 0.887829 0.520491 0.028594 0.053853
5 0.807822 0.517744 0.028044 0.056051
