1 0.950428 0.875656 0.057160 0.041837
1 0.855832 0.823360 0.059575 0.048273
1 0.527361 0.878070 0.057965 0.045055
1 0.435583 0.818533 0.046694 0.030573
1 0.113381 0.880710 0.058551 0.045214
1 0.022425 0.818873 0.044850 0.033246
1 0.111771 0.682755 0.051688 0.042313
1 0.530235 0.681434 0.044155 0.041104
1 0.948995 0.682437 0.058067 0.044126
14 0.909773 0.753791 0.069196 0.045879
14 0.489973 0.754504 0.070527 0.049869
14 0.069213 0.755188 0.073189 0.055587
9 0.944377 0.309213 0.097414 0.060341
9 0.523725 0.309615 0.109490 0.059537
9 0.104662 0.307906 0.108927 0.064605
