8 0.080895 0.175065 0.037392 0.063744
8 0.119386 0.173966 0.035192 0.061546
8 0.158977 0.173691 0.037392 0.065393
8 0.203517 0.178637 0.041791 0.059898
9 0.101911 0.662152 0.077298 0.086100
9 0.019958 0.663356 0.039915 0.082077
4 0.113063 0.039603 0.226126 0.079206
21 0.007913 0.037249 0.015827 0.068132
21 0.038551 0.034980 0.030905 0.066315
21 0.081735 0.037253 0.026361 0.066315
21 0.123092 0.037936 0.028177 0.066771
21 0.164456 0.039294 0.027272 0.060410
21 0.203997 0.036341 0.029089 0.061771
