8 0.560800 0.977193 0.051232 0.045613
8 0.395793 0.977193 0.051232 0.045613
8 0.397344 0.576801 0.038106 0.089462
8 0.439080 0.573779 0.039316 0.083417
8 0.478698 0.574383 0.033872 0.078581
8 0.522854 0.568339 0.031453 0.062865
4 0.561859 0.834121 0.372975 0.080443
4 0.562106 0.728695 0.371478 0.082441
21 0.317624 0.744932 0.026497 0.103926
21 0.401364 0.839368 0.021999 0.062956
21 0.439867 0.835869 0.021999 0.067949
21 0.482614 0.835365 0.029499 0.061953
21 0.520609 0.836120 0.024499 0.061458
21 0.561107 0.837119 0.026497 0.058457
21 0.601608 0.835869 0.027500 0.064954
21 0.645352 0.837119 0.025000 0.058457
21 0.684850 0.836868 0.030000 0.057956
21 0.726598 0.836364 0.024499 0.059954
21 0.723597 0.724202 0.018496 0.063457
21 0.684596 0.723200 0.021497 0.059460
21 0.643353 0.721953 0.018997 0.058958
21 0.603353 0.722952 0.020000 0.060957
21 0.563604 0.721702 0.014499 0.058457
21 0.523356 0.721699 0.015996 0.056458
21 0.481113 0.724202 0.022500 0.063457
21 0.438613 0.724951 0.026497 0.064954
21 0.398060 0.724886 0.023385 0.072051
23 0.522119 0.781654 0.509069 0.184219
