2 0.912439 0.839327 0.039522 0.071678
1 0.983378 0.328294 0.033245 0.043220
1 0.783784 0.226562 0.062543 0.051199
1 0.735878 0.276098 0.063874 0.042555
1 0.657367 0.226562 0.053228 0.041890
1 0.012526 0.440786 0.025052 0.066198
0 0.988487 0.925470 0.023025 0.045755
0 0.910246 0.925470 0.047733 0.053543
0 0.828418 0.925956 0.051629 0.044781
0 0.745129 0.922549 0.033121 0.053543
0 0.661353 0.922549 0.029224 0.045755
0 0.415409 0.922911 0.041791 0.044976
0 0.335578 0.919698 0.038576 0.044976
0 0.255212 0.927730 0.047148 0.041763
0 0.168951 0.927730 0.041791 0.046047
0 0.088585 0.919698 0.028932 0.038551
0 0.010806 0.922375 0.021613 0.039622
