5 0.586755 0.917213 0.034095 0.032126
5 0.504928 0.879246 0.043836 0.039914
5 0.425535 0.849067 0.040914 0.026285
5 0.174603 0.920624 0.028250 0.036993
5 0.089366 0.877790 0.033121 0.040887
5 0.012049 0.851505 0.024099 0.035046
23 0.360528 0.857472 0.721057 0.285056
23 0.322733 0.897381 0.645466 0.205239
5 0.171555 0.519942 0.026944 0.058249
5 0.087699 0.520491 0.028594 0.053853
5 0.010857 0.517744 0.021714 0.056051
5 0.592869 0.521856 0.029033 0.053798
5 0.510910 0.523367 0.028429 0.053193
5 0.430766 0.520949 0.031453 0.041104
5 0.846901 0.521465 0.038590 0.059843
5 0.931733 0.524125 0.036594 0.053193
