2 0.899910 0.038494 0.035929 0.074471
2 0.817739 0.042151 0.039256 0.073806
2 0.657722 0.039824 0.042582 0.069151
0 0.979584 0.122582 0.040831 0.039914
0 0.903643 0.124529 0.033121 0.036020
0 0.824250 0.123555 0.032147 0.034073
0 0.734630 0.123555 0.047733 0.032126
0 0.657673 0.125502 0.036043 0.039914
0 0.573897 0.123068 0.032147 0.033099
0 0.494017 0.123555 0.037991 0.045755
0 0.411702 0.124529 0.040914 0.041861
0 0.166235 0.126146 0.050684 0.042406
0 0.083725 0.128502 0.045970 0.044762
0 0.011511 0.124968 0.023022 0.047118
