3 0.977266 0.391790 0.045469 0.067591
3 0.922318 0.392194 0.035430 0.060352
3 0.860723 0.395010 0.044284 0.057936
3 0.798317 0.391787 0.046699 0.053105
3 0.737301 0.392090 0.042454 0.047552
3 0.685697 0.396839 0.047578 0.058522
3 0.619447 0.393913 0.040990 0.057057
3 0.555768 0.394645 0.046849 0.054134
3 0.490251 0.388796 0.035866 0.048281
3 0.443037 0.393551 0.052702 0.057793
3 0.369837 0.392083 0.043919 0.053398
3 0.738519 0.231051 0.053587 0.058418
3 0.615270 0.234456 0.042871 0.059395
3 0.496406 0.232021 0.038971 0.058418
3 0.431130 0.233483 0.042871 0.047708
0 0.983809 0.316742 0.022383 0.045345
0 0.922409 0.318857 0.032669 0.058040
0 0.860400 0.316139 0.028431 0.057435
0 0.801413 0.318551 0.029036 0.050176
0 0.741208 0.320000 0.043496 0.060456
0 0.679714 0.316003 0.032500 0.052461
0 0.618714 0.322500 0.043496 0.053464
0 0.553223 0.316504 0.051497 0.053464
0 0.495977 0.321003 0.032995 0.052461
0 0.429479 0.319255 0.030000 0.052962
0 0.366650 0.318652 0.052611 0.052578
