8 0.951683 0.249660 0.037719 0.097769
8 0.867405 0.242592 0.043612 0.090702
8 0.786074 0.236703 0.029468 0.083634
8 0.540313 0.243181 0.042434 0.087168
8 0.458982 0.244359 0.033004 0.094235
8 0.378241 0.238470 0.050684 0.089524
8 0.211454 0.240826 0.035361 0.096591
12 0.018318 0.482163 0.036637 0.051984
12 0.091074 0.482768 0.056857 0.053193
12 0.173336 0.482466 0.055647 0.048962
12 0.254690 0.483070 0.055043 0.050171
12 0.336952 0.482466 0.055043 0.050171
12 0.419818 0.483372 0.056252 0.051984
12 0.501562 0.483149 0.055792 0.053985
12 0.583035 0.481821 0.057563 0.053100
12 0.664509 0.482706 0.055792 0.053100
12 0.746868 0.481821 0.057563 0.056640
12 0.910257 0.484476 0.058448 0.054870
12 0.828341 0.483591 0.055792 0.053100
12 0.983642 0.483080 0.032716 0.048594
21 0.326266 0.906310 0.036594 0.070215
21 0.250516 0.908869 0.030007 0.065095
21 0.183915 0.907407 0.037326 0.063633
21 0.110360 0.909235 0.029275 0.065827
21 0.040465 0.908869 0.032935 0.063633
21 0.702330 0.909080 0.048571 0.068487
21 0.787828 0.907085 0.043913 0.065827
21 0.873016 0.915621 0.044155 0.077977
23 0.500000 0.687637 1.000000 0.505337
