1 0.300717 0.791191 0.067461 0.036060
3 0.496566 0.226982 0.033223 0.068548
3 0.427438 0.233939 0.036439 0.063190
3 0.058766 0.235544 0.042871 0.044980
0 0.969603 0.316790 0.028984 0.055521
0 0.912035 0.320410 0.033014 0.064375
0 0.848822 0.318395 0.040260 0.065176
0 0.783600 0.320814 0.030599 0.060352
0 0.730059 0.316790 0.031406 0.063568
0 0.487350 0.313317 0.030013 0.058522
0 0.431722 0.321364 0.025618 0.054134
0 0.365107 0.316240 0.035866 0.051204
0 0.303988 0.318070 0.035137 0.062181
0 0.246159 0.316973 0.026354 0.057057
0 0.182839 0.319531 0.027083 0.053398
0 0.122816 0.318799 0.028548 0.050475
0 0.056911 0.314033 0.026621 0.041230
0 0.006829 0.317025 0.013659 0.052539
