5 0.351471 0.258965 0.038906 0.031810
5 0.429281 0.255430 0.031829 0.043594
5 0.599040 0.254251 0.036543 0.034167
5 0.736383 0.256608 0.037728 0.034167
5 0.863708 0.254840 0.037728 0.037702
5 0.820088 0.172962 0.037728 0.031810
5 0.024915 0.257786 0.041263 0.043594
5 0.703376 0.174730 0.044798 0.032988
5 0.105674 0.174730 0.040085 0.035345
5 0.186217 0.214850 0.030013 0.031458
5 0.776953 0.214342 0.045898 0.035404
5 0.903773 0.209515 0.043483 0.045059
23 0.500000 0.752975 1.000000 0.494049
23 0.500000 0.223691 1.000000 0.169635
