0 0.347974 0.869629 0.043393 0.050445
0 0.266058 0.871399 0.028339 0.046905
0 0.183699 0.872727 0.046050 0.042480
0 0.102668 0.873169 0.041622 0.046905
0 0.021637 0.873169 0.037194 0.045135
1 0.504751 0.278186 0.051772 0.040764
1 0.259224 0.278186 0.037653 0.037628
1 0.181565 0.223311 0.039222 0.028221
1 0.103122 0.232718 0.058048 0.043900
1 0.018223 0.326789 0.036446 0.047035
14 0.048307 0.529609 0.082526 0.097461
3 0.346029 0.751302 0.037109 0.078125
3 0.431315 0.758789 0.041016 0.091797
3 0.592122 0.750000 0.038411 0.079427
0 0.426432 0.871745 0.039062 0.058594
0 0.508138 0.871094 0.033203 0.050781
0 0.590495 0.873698 0.036458 0.053385
0 0.671549 0.873047 0.034505 0.059896
