8 0.718536 0.177263 0.032443 0.073635
8 0.760602 0.178911 0.039591 0.062645
8 0.881025 0.175065 0.037392 0.063744
8 0.919516 0.173966 0.035192 0.061546
8 0.959107 0.173691 0.037392 0.065393
8 0.991376 0.178637 0.017248 0.059898
23 0.774128 0.035482 0.451745 0.070964
9 0.902041 0.662152 0.077298 0.086100
9 0.800993 0.663356 0.078105 0.082077
9 0.595664 0.665771 0.084544 0.078861
4 0.825892 0.039603 0.348216 0.079206
21 0.673926 0.035661 0.025000 0.064954
21 0.718464 0.036569 0.028633 0.066771
21 0.758691 0.038161 0.025456 0.065410
21 0.798005 0.037249 0.035905 0.068132
21 0.838682 0.034980 0.030905 0.066315
21 0.881865 0.037253 0.026361 0.066315
21 0.923223 0.037936 0.028177 0.066771
21 0.964587 0.039294 0.027272 0.060410
21 0.994792 0.036341 0.010417 0.061771
