23 0.863786 0.836442 0.272428 0.310118
23 0.512686 0.836331 0.419370 0.311580
23 0.147532 0.838836 0.295064 0.322327
10 0.049646 0.756842 0.099293 0.072410
10 0.431726 0.756312 0.175506 0.071605
10 0.853775 0.755495 0.168260 0.065973
6 0.983146 0.077136 0.033707 0.041708
6 0.896733 0.019678 0.049599 0.039357
6 0.565268 0.071696 0.053228 0.038082
6 0.483309 0.021222 0.058672 0.041104
6 0.150298 0.075526 0.057160 0.041837
6 0.055701 0.023683 0.059575 0.047366
19 0.069297 0.240940 0.073503 0.096466
19 0.483086 0.233033 0.077931 0.098236
19 0.904262 0.238143 0.078897 0.089305
