1 0.168908 0.598821 0.046677 0.036281
1 0.820698 0.594831 0.047973 0.036281
0 0.983301 0.313327 0.033398 0.074974
0 0.909795 0.311182 0.057871 0.057832
0 0.838529 0.314935 0.076094 0.063190
0 0.746357 0.307972 0.043939 0.057832
0 0.671338 0.311722 0.056803 0.069616
0 0.422018 0.313594 0.060404 0.070104
0 0.344076 0.303857 0.033125 0.050632
0 0.253955 0.309701 0.047741 0.056471
0 0.175036 0.301423 0.032155 0.053548
0 0.089297 0.304342 0.039948 0.061341
0 0.024430 0.310674 0.048861 0.058418
3 0.256510 0.773438 0.052083 0.063802
3 0.911458 0.768880 0.040365 0.084635
