8 0.099779 0.838624 0.035929 0.074471
8 0.018618 0.842281 0.037237 0.073806
6 0.718514 0.279671 0.053578 0.043808
6 0.795471 0.440786 0.059423 0.066198
6 0.654221 0.419369 0.051629 0.064251
6 0.640583 0.230995 0.063319 0.051596
6 0.176878 0.373530 0.111052 0.073013
5 0.969082 0.927730 0.041791 0.046047
5 0.888715 0.919698 0.028932 0.038551
5 0.807277 0.922375 0.028932 0.039622
5 0.725303 0.921840 0.034290 0.034267
5 0.644401 0.919698 0.039647 0.038551
5 0.180470 0.922712 0.042862 0.039914
5 0.103513 0.924659 0.033121 0.036020
5 0.024120 0.923685 0.032147 0.034073
