8 0.603596 0.367682 0.123154 0.029974
8 0.610504 0.318991 0.110295 0.037009
8 0.611712 0.269913 0.112710 0.032182
8 0.606076 0.215606 0.122371 0.034596
8 0.012324 0.839327 0.024648 0.071678
8 0.165170 0.837498 0.033667 0.070947
8 0.249337 0.842253 0.039522 0.071678
6 0.338506 0.380459 0.060746 0.043885
6 0.090474 0.328294 0.062543 0.043220
5 0.330005 0.923523 0.037991 0.045755
5 0.248664 0.922062 0.042862 0.046728
5 0.168298 0.920115 0.036043 0.040887
5 0.088418 0.925470 0.037991 0.045755
5 0.013280 0.925470 0.026560 0.053543
