8 0.711018 0.367682 0.123154 0.029974
8 0.717926 0.318991 0.110295 0.037009
8 0.719134 0.269913 0.112710 0.032182
8 0.713498 0.215606 0.122371 0.034596
8 0.112309 0.839327 0.039522 0.071678
8 0.272592 0.837498 0.033667 0.070947
8 0.356759 0.842253 0.039522 0.071678
19 0.028796 0.491040 0.057591 0.102183
6 0.445928 0.380459 0.060746 0.043885
6 0.197896 0.328294 0.062543 0.043220
5 0.437427 0.923523 0.037991 0.045755
5 0.356086 0.922062 0.042862 0.046728
5 0.275720 0.920115 0.036043 0.040887
5 0.195840 0.925470 0.037991 0.045755
5 0.110116 0.925470 0.047733 0.053543
5 0.028288 0.925956 0.051629 0.044781
