5 0.586755 0.117083 0.034095 0.032126
5 0.504928 0.079116 0.043836 0.039914
5 0.425535 0.048937 0.040914 0.026285
5 0.174603 0.120494 0.028250 0.036993
5 0.089366 0.077660 0.033121 0.040887
5 0.012049 0.051375 0.024099 0.035046
23 0.360528 0.143410 0.721057 0.286820
23 0.322733 0.103501 0.645466 0.207002
23 0.148979 0.634763 0.297957 0.730474
23 0.843671 0.731910 0.312658 0.536181
23 0.503785 0.635487 0.433006 0.729025
23 0.507624 0.565323 0.252244 0.097769
15 0.849390 0.888599 0.053042 0.117794
