4 0.833669 0.972266 0.332663 0.055469
21 0.991175 0.975221 0.017650 0.049557
21 0.952806 0.975016 0.027682 0.049967
21 0.912308 0.974189 0.025202 0.051621
21 0.769964 0.975221 0.023965 0.049557
21 0.726995 0.975843 0.025618 0.048314
21 0.686911 0.975016 0.028926 0.049967
4 0.801882 0.417721 0.396237 0.071940
21 0.988815 0.414398 0.022370 0.064082
21 0.709023 0.415612 0.029036 0.061667
21 0.627777 0.417435 0.029147 0.065951
23 0.766702 0.688630 0.466595 0.622741
24 0.587015 0.128678 0.107142 0.089779
