1 0.983146 0.877266 0.033707 0.041708
1 0.896733 0.817121 0.049599 0.044731
1 0.565268 0.871826 0.053228 0.038082
1 0.483309 0.821353 0.058672 0.041104
1 0.150298 0.875656 0.057160 0.041837
1 0.055701 0.823360 0.059575 0.048273
1 0.148865 0.682437 0.058067 0.044126
1 0.571205 0.685219 0.052623 0.042917
1 0.984877 0.686984 0.030246 0.044731
14 0.948158 0.754661 0.068954 0.046544
14 0.528902 0.750857 0.066535 0.045879
14 0.109643 0.753791 0.069196 0.045879
9 0.966347 0.310096 0.067305 0.057525
9 0.564293 0.308768 0.104499 0.058410
9 0.144246 0.309213 0.097414 0.060341
