6 0.545924 0.439918 0.047148 0.059968
6 0.462343 0.283573 0.057864 0.051401
6 0.380369 0.230566 0.054649 0.048189
6 0.401801 0.420107 0.048220 0.056755
7 0.255818 0.219917 0.082118 0.047468
7 0.245755 0.269799 0.073262 0.041032
7 0.248170 0.319279 0.086143 0.041837
7 0.243742 0.368356 0.064406 0.035400
5 0.966365 0.926276 0.050684 0.042406
5 0.883855 0.928632 0.045970 0.044762
5 0.803703 0.925099 0.038897 0.047118
5 0.717068 0.922743 0.035361 0.032982
5 0.638095 0.924510 0.040076 0.038872
5 0.552049 0.923921 0.037719 0.040050
5 0.473075 0.924510 0.040076 0.041228
5 0.389976 0.920976 0.029468 0.036516
