8 0.899910 0.838624 0.035929 0.074471
8 0.817739 0.842281 0.039256 0.073806
8 0.657722 0.839954 0.042582 0.069151
19 0.563131 0.503629 0.076116 0.123608
6 0.960741 0.373530 0.078518 0.073013
6 0.752469 0.332643 0.080854 0.049649
6 0.476177 0.275859 0.054649 0.039622
6 0.525468 0.230883 0.071794 0.054614
6 0.396882 0.230883 0.056792 0.052472
5 0.979584 0.922712 0.040831 0.039914
5 0.903643 0.924659 0.033121 0.036020
5 0.824250 0.923685 0.032147 0.034073
5 0.734630 0.923685 0.047733 0.032126
5 0.657673 0.925632 0.036043 0.039914
5 0.573897 0.923199 0.032147 0.033099
5 0.494017 0.923685 0.037991 0.045755
5 0.411702 0.924659 0.040914 0.041861
5 0.166235 0.926276 0.050684 0.042406
5 0.083725 0.928632 0.045970 0.044762
5 0.011511 0.925099 0.023022 0.047118
