16 0.021662 0.465499 0.043323 0.027071
16 0.021379 0.432083 0.042759 0.028481
16 0.021944 0.398103 0.043888 0.023123
16 0.433389 0.464569 0.064448 0.028487
16 0.432770 0.432366 0.061556 0.030965
16 0.432356 0.397067 0.064035 0.028900
16 0.987047 0.465574 0.025905 0.032182
16 0.987852 0.432588 0.024295 0.030573
16 0.985840 0.399601 0.028320 0.027355
16 0.722509 0.465172 0.066821 0.029768
16 0.722509 0.432185 0.066821 0.028159
16 0.721704 0.397590 0.066821 0.028159
15 0.988023 0.522279 0.023954 0.021431
15 0.719254 0.521180 0.064885 0.020332
15 0.432067 0.522152 0.067439 0.023123
15 0.023614 0.521209 0.047228 0.021790
