5 0.972591 0.315068 0.025768 0.054720
5 0.911396 0.315469 0.043483 0.055521
5 0.844066 0.314658 0.033014 0.049082
5 0.792126 0.316270 0.038652 0.052305
5 0.722074 0.321097 0.033822 0.050697
5 0.662894 0.322702 0.047507 0.055521
5 0.600889 0.316670 0.033014 0.061152
5 0.541302 0.313454 0.039453 0.057936
5 0.479303 0.321097 0.045898 0.061960
5 0.420524 0.317070 0.037845 0.055521
5 0.356686 0.317998 0.031406 0.057936
5 0.289046 0.320007 0.047507 0.060352
5 0.238320 0.319606 0.041068 0.057936
5 0.169473 0.316790 0.028984 0.055521
5 0.111904 0.320410 0.033014 0.064375
5 0.048691 0.318395 0.040260 0.065176
