23 0.578382 0.692497 0.640202 0.615007
4 0.562855 0.972087 0.349368 0.055827
21 0.712585 0.974082 0.031276 0.051836
21 0.673320 0.974082 0.031276 0.051836
21 0.633060 0.974749 0.031940 0.050501
21 0.492985 0.974749 0.032611 0.050501
21 0.450726 0.974749 0.033275 0.050501
21 0.412129 0.975413 0.031940 0.049173
9 0.758545 0.431400 0.050215 0.051992
4 0.520492 0.409938 0.444043 0.087663
21 0.348682 0.411445 0.042350 0.071341
21 0.429443 0.411449 0.044160 0.073757
21 0.713473 0.414466 0.037507 0.068919
24 0.315563 0.128730 0.103874 0.088516
