8 0.992876 0.566288 0.014247 0.070186
8 0.962411 0.565875 0.025201 0.065232
8 0.718536 0.970288 0.032443 0.059425
8 0.760602 0.973859 0.039591 0.052281
8 0.881025 0.971661 0.037392 0.056677
8 0.919516 0.971661 0.035192 0.056677
8 0.959107 0.970562 0.037392 0.058875
8 0.991376 0.974409 0.017248 0.051182
23 0.774128 0.782979 0.451745 0.176230
4 0.825892 0.835202 0.348216 0.088268
4 0.824984 0.723057 0.350033 0.086452
21 0.673926 0.835791 0.025000 0.064954
21 0.718464 0.836699 0.028633 0.066771
21 0.758691 0.838291 0.025456 0.065410
21 0.798005 0.837380 0.035905 0.068132
21 0.838682 0.835111 0.030905 0.066315
21 0.881865 0.837383 0.026361 0.066315
21 0.923223 0.838066 0.028177 0.066771
21 0.964587 0.839424 0.027272 0.060410
21 0.994792 0.836471 0.010417 0.061771
21 0.994564 0.719059 0.010872 0.064043
21 0.963906 0.719964 0.020456 0.064043
21 0.920046 0.720648 0.023633 0.068132
21 0.880498 0.721100 0.026361 0.066315
21 0.840277 0.719964 0.022272 0.067676
21 0.800277 0.721787 0.021361 0.064954
21 0.759375 0.722008 0.025000 0.059954
21 0.719769 0.720163 0.029824 0.073867
21 0.675677 0.720811 0.032422 0.072572
21 0.593978 0.742201 0.035013 0.112747
