1 0.608225 0.791191 0.061186 0.039196
3 0.858896 0.235544 0.042871 0.044980
3 0.303763 0.397419 0.055560 0.053105
3 0.246592 0.395811 0.042676 0.061152
3 0.178558 0.391790 0.048314 0.067591
3 0.122188 0.392194 0.035430 0.060352
3 0.060592 0.395010 0.044284 0.057936
3 0.010768 0.391787 0.021536 0.053105
0 0.982969 0.319531 0.027083 0.053398
0 0.922946 0.318799 0.028548 0.050475
0 0.857041 0.314033 0.026621 0.041230
0 0.797152 0.317025 0.033275 0.052539
0 0.736260 0.317689 0.028613 0.053867
0 0.673704 0.323011 0.029948 0.060514
0 0.615475 0.316361 0.025286 0.047214
0 0.548265 0.316357 0.041257 0.049876
0 0.491370 0.316025 0.032611 0.049212
0 0.428392 0.316136 0.019362 0.042923
0 0.368799 0.321276 0.034486 0.050781
0 0.308001 0.320068 0.027826 0.047155
0 0.242969 0.317646 0.021172 0.047155
0 0.183678 0.316742 0.022383 0.045345
0 0.122279 0.318857 0.032669 0.058040
0 0.060270 0.316139 0.028431 0.057435
0 0.007900 0.318551 0.015801 0.050176
