23 0.841700 0.838836 0.316601 0.322327
23 0.474996 0.839659 0.412548 0.320682
23 0.130982 0.839416 0.261964 0.321169
10 0.031609 0.759034 0.063217 0.068910
10 0.391269 0.753818 0.180310 0.071146
10 0.812328 0.756842 0.174189 0.072410
6 0.950428 0.075526 0.057160 0.041837
6 0.855832 0.023683 0.059575 0.047366
6 0.527361 0.077939 0.057965 0.045055
6 0.435583 0.018403 0.046694 0.030573
6 0.113381 0.080580 0.058551 0.045214
6 0.022425 0.018743 0.044850 0.033246
19 0.031507 0.240474 0.063015 0.095815
19 0.445372 0.239606 0.077287 0.097351
19 0.869427 0.240940 0.073503 0.096466
