8 0.483359 0.242004 0.043612 0.096591
8 0.314214 0.246715 0.056578 0.091879
8 0.151553 0.249660 0.037719 0.097769
8 0.067275 0.242592 0.043612 0.090702
12 0.110127 0.484476 0.058448 0.054870
12 0.028211 0.483591 0.055792 0.053100
12 0.194647 0.483080 0.054988 0.048594
12 0.274629 0.483080 0.055897 0.049502
12 0.357338 0.481491 0.056805 0.051773
12 0.440047 0.483989 0.055897 0.051319
21 0.072885 0.915621 0.044155 0.077977
20 0.747879 0.091866 0.421978 0.183731
23 0.275631 0.687637 0.551263 0.505337
