1 0.790843 0.280394 0.046677 0.047942
1 0.542548 0.273267 0.045380 0.041464
1 0.462808 0.222733 0.041491 0.036281
1 0.381772 0.224029 0.042787 0.044055
1 0.300088 0.328336 0.045380 0.045351
0 0.964118 0.868499 0.046699 0.046673
0 0.888835 0.875335 0.041068 0.053913
0 0.798252 0.867288 0.038652 0.053913
0 0.716523 0.869707 0.031406 0.041042
0 0.635999 0.871719 0.028184 0.048281
0 0.557894 0.872523 0.033014 0.046673
0 0.475765 0.874535 0.033014 0.053913
0 0.388799 0.872923 0.037845 0.055521
0 0.311768 0.875755 0.036439 0.062122
14 0.335807 0.528438 0.084883 0.102500
2 0.235352 0.215169 0.068359 0.042318
2 0.237305 0.263672 0.074870 0.040365
2 0.229818 0.317383 0.063802 0.041016
3 0.636068 0.746745 0.032552 0.074219
3 0.718099 0.746745 0.035156 0.075521
3 0.882487 0.749349 0.035807 0.084635
