8 0.203800 0.566288 0.036355 0.070186
8 0.162281 0.565875 0.025201 0.065232
8 0.080895 0.971661 0.037392 0.056677
8 0.119386 0.971661 0.035192 0.056677
8 0.158977 0.970562 0.037392 0.058875
8 0.203517 0.974409 0.041791 0.051182
23 0.632458 0.325439 0.184147 0.650879
23 0.129814 0.782979 0.259629 0.176230
4 0.113063 0.835202 0.226126 0.088268
4 0.114271 0.723057 0.228542 0.086452
21 0.007913 0.837380 0.015827 0.068132
21 0.038551 0.835111 0.030905 0.066315
21 0.081735 0.837383 0.026361 0.066315
21 0.123092 0.838066 0.028177 0.066771
21 0.164456 0.839424 0.027272 0.060410
21 0.203997 0.836471 0.029089 0.061771
21 0.201950 0.719059 0.025905 0.064043
21 0.163776 0.719964 0.020456 0.064043
21 0.119915 0.720648 0.023633 0.068132
21 0.080368 0.721100 0.026361 0.066315
21 0.040146 0.719964 0.022272 0.067676
21 0.005413 0.721787 0.010827 0.064954
