21 0.095964 0.975632 0.114323 0.040247
21 0.100514 0.896436 0.115625 0.037650
21 0.099863 0.810094 0.109128 0.041543
21 0.102461 0.730251 0.124714 0.032454
21 0.103112 0.649111 0.115625 0.033757
21 0.106061 0.568887 0.119284 0.036589
21 0.102520 0.486855 0.114557 0.033047
21 0.103698 0.403649 0.114557 0.034225
21 0.102523 0.322799 0.109837 0.033047
21 0.100749 0.236641 0.111016 0.033047
21 0.101895 0.157751 0.111016 0.041309
21 0.104844 0.076315 0.102747 0.036589
21 0.103073 0.008949 0.099206 0.017897
