23 0.500000 0.509417 1.000000 0.361790
21 0.943548 0.360179 0.045729 0.087116
21 0.868525 0.365889 0.038587 0.081400
21 0.784215 0.364463 0.038587 0.078548
21 0.697044 0.366605 0.058594 0.077116
21 0.619157 0.363753 0.037155 0.082832
21 0.539600 0.360430 0.044954 0.096771
21 0.452279 0.363021 0.050143 0.084674
21 0.372738 0.363883 0.039772 0.086400
21 0.296657 0.362161 0.039772 0.089857
21 0.211927 0.359567 0.036315 0.081217
21 0.132389 0.364753 0.036315 0.077760
21 0.046797 0.364753 0.041497 0.077760
