23 0.608031 0.500000 0.753470 1.000000
21 0.896094 0.975632 0.114323 0.040247
21 0.900645 0.896436 0.115625 0.037650
21 0.899993 0.810094 0.109128 0.041543
21 0.902591 0.730251 0.124714 0.032454
21 0.903242 0.649111 0.115625 0.033757
21 0.906191 0.568887 0.119284 0.036589
21 0.902650 0.486855 0.114557 0.033047
21 0.903828 0.403649 0.114557 0.034225
21 0.902653 0.322799 0.109837 0.033047
21 0.900879 0.236641 0.111016 0.033047
21 0.902025 0.157751 0.111016 0.041309
21 0.904974 0.076315 0.102747 0.036589
21 0.903203 0.008949 0.099206 0.017897
21 0.301624 0.927660 0.175970 0.074355
21 0.295726 0.846813 0.185423 0.061374
21 0.286868 0.733509 0.155898 0.082617
21 0.295133 0.646761 0.141725 0.071999
21 0.285684 0.570046 0.151172 0.069635
21 0.282734 0.487425 0.135820 0.074355
21 0.294421 0.392376 0.170065 0.060195
21 0.293831 0.319792 0.168887 0.059010
21 0.285563 0.241891 0.152350 0.061374
21 0.297965 0.158682 0.144082 0.057832
21 0.284388 0.079014 0.131094 0.054290
21 0.298831 0.009583 0.152350 0.019167
