21 0.504811 0.954079 0.091393 0.048770
21 0.510579 0.899548 0.097604 0.046113
21 0.506589 0.847223 0.089622 0.047884
21 0.511025 0.799339 0.080749 0.065618
21 0.512793 0.746136 0.091393 0.049655
21 0.511908 0.693376 0.096719 0.048770
21 0.509248 0.636182 0.100267 0.039017
21 0.501351 0.580596 0.105475 0.044928
21 0.499626 0.531348 0.081270 0.043203
21 0.498760 0.487282 0.089915 0.038014
21 0.503945 0.433717 0.093372 0.031107
21 0.503083 0.376689 0.088184 0.038014
21 0.497894 0.328307 0.088184 0.041471
21 0.501351 0.280785 0.108939 0.032832
21 0.509997 0.230677 0.091647 0.043203
21 0.503945 0.176243 0.086458 0.031107
21 0.503949 0.126126 0.083001 0.048385
21 0.508265 0.072559 0.088184 0.041471
21 0.503083 0.022448 0.088184 0.041471
23 0.320579 0.500000 0.507799 1.000000
