8 0.113639 0.974212 0.025768 0.051576
23 0.500000 0.509417 1.000000 0.361790
21 0.932520 0.364753 0.036315 0.077760
21 0.846927 0.364753 0.041497 0.077760
21 0.766416 0.364788 0.044017 0.078548
21 0.684674 0.362435 0.040872 0.080117
21 0.601357 0.360859 0.037728 0.080117
21 0.518828 0.364004 0.045586 0.080117
21 0.438659 0.363216 0.039297 0.084831
21 0.354561 0.364001 0.037728 0.086400
21 0.268893 0.360863 0.039297 0.086400
21 0.191868 0.365576 0.045586 0.083262
21 0.112487 0.368714 0.047161 0.086400
21 0.027598 0.364788 0.050299 0.078548
