21 0.902025 0.957881 0.111016 0.041309
21 0.904974 0.876445 0.102747 0.036589
21 0.903203 0.796191 0.099206 0.043672
21 0.900840 0.711797 0.111016 0.042487
21 0.906748 0.629186 0.125189 0.047214
21 0.899658 0.543024 0.113379 0.068457
21 0.902611 0.462171 0.114557 0.057832
21 0.297965 0.958812 0.144082 0.057832
21 0.284388 0.879144 0.131094 0.054290
21 0.298831 0.792152 0.152350 0.054290
21 0.292926 0.707174 0.140540 0.059010
21 0.294697 0.627507 0.132272 0.060195
21 0.294108 0.548428 0.126367 0.057832
21 0.293522 0.464632 0.115742 0.057832
