21 0.503945 0.976374 0.086458 0.031107
21 0.503949 0.926257 0.083001 0.048385
21 0.508265 0.872689 0.088184 0.041471
21 0.503083 0.822578 0.088184 0.041471
21 0.505710 0.771025 0.086315 0.040306
21 0.504092 0.724268 0.091152 0.033861
21 0.505710 0.674691 0.097604 0.042728
21 0.503695 0.616650 0.093574 0.031439
21 0.506921 0.570700 0.085508 0.033053
21 0.503691 0.513060 0.085508 0.037083
21 0.505706 0.464691 0.091152 0.040306
21 0.506917 0.407458 0.093574 0.033861
21 0.503285 0.358083 0.088001 0.038639
21 0.504951 0.307786 0.088665 0.040638
21 0.506621 0.259154 0.090664 0.032643
21 0.507952 0.206855 0.091999 0.031979
21 0.507269 0.155560 0.089967 0.035547
21 0.508831 0.102168 0.086217 0.036589
21 0.511195 0.055544 0.093301 0.028327
21 0.509421 0.010068 0.094479 0.020137
23 0.320579 0.500000 0.507799 1.000000
