6 0.980026 0.013727 0.039948 0.027454
5 0.305303 0.233327 0.035931 0.052969
5 0.777894 0.236546 0.033236 0.058353
6 0.783734 0.206025 0.044915 0.045788
6 0.084385 0.851569 0.051413 0.057357
1 0.974388 0.714411 0.051224 0.090970
5 0.975264 0.589329 0.049473 0.078724
5 0.776348 0.591077 0.050768 0.061230
5 0.491784 0.589844 0.031523 0.060833
5 0.079834 0.585498 0.046738 0.067350
2 0.450479 0.712048 0.103262 0.090163
2 0.046169 0.709336 0.092337 0.086901
14 0.068486 0.085964 0.126738 0.057357
14 0.479417 0.087184 0.122311 0.061777
17 0.979401 0.084554 0.041198 0.109095
