21 0.938672 0.909466 0.039128 0.077122
21 0.778350 0.910010 0.042389 0.078210
21 0.695749 0.911637 0.033698 0.074954
21 0.945615 0.694645 0.051296 0.086751
21 0.777926 0.705160 0.055241 0.086751
21 0.698356 0.699906 0.053926 0.086751
6 0.951527 0.586608 0.050618 0.050586
6 0.765596 0.589642 0.043197 0.040469
6 0.705866 0.587959 0.045221 0.042493
13 0.941126 0.015723 0.045286 0.031445
13 0.862428 0.014613 0.051224 0.029225
13 0.699844 0.014984 0.048255 0.029967
21 0.943776 0.081042 0.057161 0.072708
21 0.861738 0.081784 0.053451 0.072708
21 0.782673 0.081042 0.028952 0.077161
21 0.702783 0.080465 0.052611 0.081491
