5 0.661439 0.902923 0.040013 0.048151
5 0.624287 0.900885 0.042467 0.050599
5 0.581410 0.901292 0.044915 0.054681
5 0.539766 0.900475 0.035117 0.051419
5 0.500153 0.900882 0.044095 0.057129
5 0.458916 0.903330 0.036751 0.047337
5 0.414821 0.901289 0.036751 0.048151
5 0.375615 0.900885 0.038379 0.045703
5 0.338867 0.901699 0.040013 0.050599
5 0.294365 0.901296 0.035931 0.038359
5 0.253529 0.900882 0.034297 0.044069
5 0.212699 0.900882 0.035931 0.044069
5 0.171458 0.903737 0.040013 0.048151
5 0.130221 0.901699 0.034297 0.045703
5 0.088571 0.899661 0.032663 0.043255
5 0.049945 0.897728 0.033236 0.050273
