21 0.978242 0.883883 0.043516 0.079590
21 0.900130 0.881859 0.045221 0.072845
21 0.822516 0.878148 0.058717 0.076217
17 0.857614 0.798223 0.115410 0.053958
13 0.140996 0.806722 0.045286 0.049707
13 0.062298 0.805983 0.051224 0.046745
21 0.228646 0.878574 0.054935 0.080872
21 0.143646 0.881172 0.057161 0.072708
21 0.061608 0.881914 0.053451 0.072708
21 0.236924 0.521061 0.078691 0.078646
21 0.066546 0.519948 0.067559 0.079388
6 0.228568 0.289460 0.081523 0.064089
6 0.067158 0.248184 0.069564 0.053229
