21 0.755947 0.054788 0.033483 0.084876
21 0.672243 0.055599 0.039199 0.101198
21 0.590576 0.056009 0.032663 0.098750
21 0.515036 0.053971 0.038379 0.096302
21 0.428883 0.053971 0.035931 0.099570
21 0.345996 0.051117 0.031849 0.090592
21 0.265563 0.044180 0.027767 0.086510
21 0.182262 0.042490 0.031035 0.084980
21 0.101094 0.045286 0.028932 0.090573
21 0.016549 0.040951 0.033099 0.081901
21 0.755700 0.599798 0.034785 0.076042
21 0.676895 0.601966 0.027174 0.073867
21 0.594834 0.598167 0.030436 0.074954
21 0.509512 0.600879 0.033698 0.071693
21 0.428581 0.602881 0.025690 0.079004
21 0.344098 0.598438 0.038535 0.079987
21 0.266035 0.598434 0.044466 0.083939
21 0.182539 0.598438 0.033594 0.081966
21 0.102995 0.599421 0.060273 0.079987
21 0.022100 0.599424 0.044199 0.078014
