7 0.922712 0.692145 0.046738 0.095592
8 0.634424 0.696530 0.037546 0.086901
8 0.511400 0.689124 0.036563 0.097767
8 0.388382 0.691094 0.039525 0.085911
8 0.263805 0.693542 0.038040 0.083646
8 0.143154 0.694629 0.035866 0.081471
8 0.023047 0.688652 0.039128 0.099935
17 0.957445 0.484290 0.085111 0.057357
21 0.925046 0.565544 0.053802 0.090814
21 0.751761 0.570179 0.055436 0.087988
21 0.631650 0.570723 0.060866 0.084727
21 0.507747 0.569635 0.054349 0.086901
21 0.391445 0.570726 0.056523 0.093418
21 0.266445 0.570182 0.047826 0.092331
21 0.140355 0.563118 0.063040 0.086901
21 0.021266 0.558776 0.042533 0.089076
21 0.224414 0.107705 0.047826 0.078210
21 0.138542 0.109336 0.039128 0.077122
