13 0.941126 0.806722 0.045286 0.049707
13 0.862428 0.805983 0.051224 0.046745
13 0.699844 0.806725 0.048255 0.046745
21 0.943776 0.881172 0.057161 0.072708
21 0.861738 0.881914 0.053451 0.072708
21 0.782673 0.881172 0.028952 0.077161
21 0.702783 0.880596 0.052611 0.081491
21 0.866676 0.519948 0.067559 0.079388
21 0.705576 0.525143 0.067559 0.082357
24 0.666445 0.376061 0.111667 0.099336
7 0.545192 0.279951 0.091113 0.035749
7 0.548568 0.239147 0.100560 0.033724
7 0.544521 0.199352 0.087064 0.041816
6 0.867288 0.248184 0.069564 0.053229
6 0.698812 0.207445 0.076087 0.052142
