6 0.980026 0.802933 0.039948 0.049303
6 0.783734 0.991631 0.044915 0.016738
14 0.068486 0.886094 0.126738 0.057357
14 0.479417 0.887314 0.122311 0.061777
17 0.979401 0.884684 0.041198 0.109095
6 0.494010 0.755869 0.066146 0.046517
6 0.091032 0.758776 0.061621 0.037839
6 0.962139 0.656403 0.075723 0.059277
6 0.501969 0.697168 0.085488 0.051263
6 0.090309 0.702425 0.067077 0.053887
19 0.130501 0.525339 0.148620 0.122240
19 0.539528 0.529938 0.135462 0.126178
14 0.950244 0.530267 0.099512 0.060937
