21 0.520358 0.601104 0.041302 0.070605
21 0.604596 0.600020 0.029349 0.066263
21 0.027979 0.601104 0.028262 0.072780
21 0.111126 0.597298 0.022826 0.069518
21 0.189385 0.597298 0.035866 0.073867
21 0.274163 0.602188 0.035866 0.066263
21 0.358408 0.600016 0.030436 0.070605
21 0.437207 0.602191 0.031523 0.074954
21 0.600042 0.054245 0.032611 0.068437
21 0.514710 0.052070 0.035866 0.079297
21 0.438626 0.055332 0.033698 0.081471
21 0.357109 0.052070 0.033698 0.077122
21 0.271240 0.047188 0.044564 0.076042
21 0.191891 0.048275 0.035866 0.073867
21 0.109287 0.052614 0.038040 0.078210
21 0.026676 0.050443 0.038040 0.071693
