21 0.349951 0.525407 0.051413 0.075280
21 0.181963 0.523613 0.057389 0.093203
21 0.022832 0.520029 0.045664 0.078861
21 0.710632 0.882113 0.043867 0.072168
21 0.624580 0.878402 0.059395 0.082285
21 0.547305 0.877393 0.043867 0.082962
21 0.469688 0.880088 0.043867 0.076217
21 0.345104 0.877367 0.044792 0.071126
21 0.258590 0.877370 0.043561 0.073581
21 0.183125 0.878594 0.050924 0.073581
21 0.105212 0.882038 0.065215 0.069518
21 0.028148 0.880951 0.056296 0.073867
17 0.513548 0.800283 0.107982 0.050892
13 0.267419 0.806478 0.045814 0.050273
13 0.181628 0.806032 0.062878 0.056556
13 0.023317 0.805137 0.046634 0.049375
