5 0.993001 0.909134 0.013997 0.052969
20 0.411663 0.595560 0.461504 0.375339
6 0.029102 0.287712 0.054349 0.059251
7 0.019095 0.438428 0.038190 0.069368
21 0.978896 0.078464 0.042207 0.073581
21 0.905342 0.081908 0.065215 0.069518
21 0.825449 0.080820 0.061953 0.073867
13 0.975160 0.017090 0.049681 0.034180
13 0.819590 0.014847 0.054349 0.029694
21 0.264678 0.086455 0.050618 0.076895
21 0.182337 0.083753 0.051966 0.079590
21 0.100000 0.081729 0.045221 0.072845
21 0.025872 0.078018 0.051745 0.076217
17 0.057594 0.012536 0.115189 0.025072
