5 0.059414 0.535726 0.026302 0.047793
5 0.428008 0.546214 0.034583 0.042923
5 0.385898 0.545098 0.034023 0.047383
5 0.346855 0.545378 0.023984 0.041250
5 0.304753 0.546224 0.033594 0.043451
5 0.263249 0.542269 0.027669 0.039499
5 0.222240 0.542767 0.034583 0.038516
5 0.179756 0.542272 0.030632 0.037526
5 0.139238 0.543262 0.034583 0.037526
5 0.098727 0.530915 0.032611 0.054316
5 0.796735 0.543506 0.030540 0.041296
5 0.754964 0.546198 0.024251 0.037708
5 0.714092 0.543958 0.032337 0.036810
5 0.674118 0.543506 0.026048 0.039499
5 0.630101 0.543509 0.026048 0.037708
5 0.589678 0.543509 0.029642 0.037708
5 0.551501 0.543955 0.030540 0.040397
5 0.509281 0.545749 0.030540 0.035013
5 0.468857 0.543506 0.032337 0.039499
