5 0.986966 0.921719 0.026068 0.041693
5 0.950313 0.920186 0.030065 0.037402
5 0.904909 0.920186 0.031289 0.037402
5 0.867936 0.915928 0.034583 0.039499
5 0.588893 0.923464 0.030677 0.041250
5 0.548734 0.923743 0.026217 0.040690
5 0.507458 0.924023 0.028444 0.043477
5 0.466742 0.922907 0.031790 0.042363
5 0.426582 0.920397 0.027331 0.038464
5 0.384238 0.920319 0.039128 0.038021
5 0.347832 0.910544 0.033698 0.055397
5 0.138063 0.926641 0.035033 0.046680
5 0.097191 0.927539 0.030540 0.050273
5 0.056318 0.924847 0.031439 0.043092
5 0.019040 0.926191 0.030540 0.052969
