3 0.531175 0.699997 0.046712 0.071816
3 0.485361 0.699548 0.028743 0.074512
3 0.447633 0.701344 0.032337 0.072715
3 0.364092 0.700898 0.034134 0.064635
3 0.404964 0.700449 0.031439 0.069128
3 0.328161 0.702240 0.039525 0.065534
3 0.284144 0.700895 0.034134 0.079004
3 0.243721 0.702689 0.035931 0.080794
0 0.938193 0.126510 0.035033 0.046680
0 0.897321 0.127409 0.030540 0.050273
0 0.856449 0.124717 0.031439 0.043092
0 0.819170 0.126061 0.030540 0.052969
0 0.776501 0.126956 0.029642 0.043991
0 0.732490 0.129199 0.038626 0.048477
0 0.690713 0.129206 0.034134 0.052070
0 0.651188 0.127852 0.035931 0.047578
0 0.610771 0.129648 0.041322 0.047578
0 0.569443 0.130098 0.037728 0.050273
0 0.528571 0.127855 0.029642 0.042194
0 0.486800 0.122920 0.030540 0.044889
0 0.445485 0.125163 0.044915 0.036810
0 0.401468 0.123369 0.046712 0.040397
0 0.361494 0.122917 0.038626 0.037708
0 0.321963 0.124261 0.031439 0.040397
0 0.280192 0.118880 0.026947 0.035013
0 0.242913 0.117529 0.036829 0.039499
0 0.202490 0.109004 0.033236 0.052969
