0 0.939336 0.925088 0.039883 0.044759
0 0.905892 0.924170 0.041719 0.042923
0 0.860801 0.924476 0.041107 0.043535
0 0.823376 0.921719 0.037428 0.041693
0 0.781042 0.920186 0.030065 0.037402
0 0.735638 0.920186 0.031289 0.037402
0 0.698665 0.915928 0.034583 0.039499
0 0.419622 0.923464 0.030677 0.041250
0 0.379463 0.923743 0.026217 0.040690
0 0.338187 0.924023 0.028444 0.043477
0 0.297471 0.922907 0.031790 0.042363
0 0.257311 0.920397 0.027331 0.038464
0 0.214967 0.920319 0.039128 0.038021
0 0.178561 0.910544 0.033698 0.055397
