8 0.984694 0.705928 0.030612 0.066035
8 0.950456 0.707041 0.040833 0.063809
8 0.911475 0.707780 0.028210 0.068255
8 0.592376 0.708415 0.040091 0.059355
8 0.548210 0.705446 0.036380 0.063809
8 0.508490 0.709157 0.043060 0.063809
8 0.467285 0.709157 0.042318 0.060840
8 0.422741 0.712868 0.039349 0.057871
8 0.388962 0.709525 0.029694 0.067513
5 0.986966 0.121589 0.026068 0.041693
5 0.950313 0.120055 0.030065 0.037402
5 0.904909 0.120055 0.031289 0.037402
5 0.867936 0.115798 0.034583 0.039499
5 0.588893 0.123333 0.030677 0.041250
5 0.548734 0.123613 0.026217 0.040690
5 0.507458 0.123893 0.028444 0.043477
5 0.466742 0.122777 0.031790 0.042363
5 0.426582 0.120267 0.027331 0.038464
5 0.384238 0.120189 0.039128 0.038021
5 0.347832 0.110413 0.033698 0.055397
5 0.138063 0.126510 0.035033 0.046680
5 0.097191 0.127409 0.030540 0.050273
5 0.056318 0.124717 0.031439 0.043092
5 0.019040 0.126061 0.030540 0.052969
