5 0.011195 0.544668 0.022389 0.038112
5 0.048213 0.542383 0.024499 0.037839
5 0.089782 0.543496 0.027467 0.041549
5 0.131458 0.542598 0.029023 0.037096
5 0.171611 0.542936 0.026999 0.040469
5 0.212445 0.542262 0.030371 0.039121
5 0.255303 0.541927 0.029694 0.037096
5 0.294782 0.542936 0.026322 0.037773
5 0.336624 0.542939 0.026322 0.032376
5 0.376445 0.544626 0.031719 0.038444
5 0.417617 0.542936 0.029023 0.036419
5 0.459795 0.542259 0.035098 0.036419
5 0.499954 0.543278 0.029023 0.042493
5 0.859544 0.535726 0.026302 0.047793
5 0.540589 0.543307 0.028952 0.040807
5 0.979886 0.542272 0.030632 0.037526
5 0.939368 0.543262 0.034583 0.037526
5 0.898857 0.530915 0.032611 0.054316
