24 0.782422 0.377839 0.095651 0.097982
21 0.976699 0.523613 0.046602 0.093203
21 0.818294 0.520029 0.055000 0.078861
21 0.978896 0.878594 0.042207 0.073581
21 0.905342 0.882038 0.065215 0.069518
21 0.825449 0.880951 0.061953 0.073867
13 0.975160 0.806032 0.049681 0.056556
13 0.819590 0.805137 0.054349 0.049375
21 0.264678 0.886585 0.050618 0.076895
21 0.182337 0.883883 0.051966 0.079590
21 0.100000 0.881859 0.045221 0.072845
21 0.025872 0.878148 0.051745 0.076217
17 0.057594 0.798223 0.115189 0.053958
