5 0.938193 0.926641 0.035033 0.046680
5 0.897321 0.927539 0.030540 0.050273
5 0.856449 0.924847 0.031439 0.043092
5 0.819170 0.926191 0.030540 0.052969
5 0.776501 0.927087 0.029642 0.043991
5 0.732490 0.929329 0.038626 0.048477
5 0.690713 0.929336 0.034134 0.052070
5 0.651188 0.927982 0.035931 0.047578
5 0.610771 0.929779 0.041322 0.047578
5 0.569443 0.930228 0.037728 0.050273
5 0.528571 0.927985 0.029642 0.042194
5 0.486800 0.923050 0.030540 0.044889
5 0.445485 0.925293 0.044915 0.036810
5 0.401468 0.923499 0.046712 0.040397
5 0.361494 0.923047 0.038626 0.037708
5 0.321963 0.924391 0.031439 0.040397
5 0.280192 0.919010 0.026947 0.035013
5 0.242913 0.917660 0.036829 0.039499
5 0.202490 0.909134 0.033236 0.052969
20 0.667910 0.596995 0.467917 0.377181
21 0.710632 0.081982 0.043867 0.072168
21 0.624580 0.078271 0.059395 0.082285
21 0.547305 0.077262 0.043867 0.082962
21 0.469688 0.079958 0.043867 0.076217
21 0.345104 0.077236 0.044792 0.071126
21 0.258590 0.077240 0.043561 0.073581
21 0.183125 0.078464 0.050924 0.073581
21 0.105212 0.081908 0.065215 0.069518
21 0.028148 0.080820 0.056296 0.073867
17 0.513548 0.012799 0.107982 0.025599
13 0.267419 0.015742 0.045814 0.031484
13 0.181628 0.017090 0.062878 0.034180
13 0.023317 0.014847 0.046634 0.029694
