7 0.922712 0.153083 0.046738 0.095592
8 0.634424 0.157467 0.037546 0.086901
8 0.511400 0.150062 0.036563 0.097767
8 0.388382 0.152031 0.039525 0.085911
8 0.263805 0.154479 0.038040 0.083646
8 0.143154 0.155566 0.035866 0.081471
8 0.023047 0.149590 0.039128 0.099935
21 0.925046 0.035944 0.053802 0.071888
21 0.751761 0.037555 0.055436 0.075111
21 0.631650 0.037012 0.060866 0.074023
21 0.507747 0.037012 0.054349 0.074023
21 0.391445 0.039186 0.056523 0.078372
21 0.266445 0.038643 0.047826 0.077285
21 0.140355 0.033753 0.063040 0.067507
21 0.021266 0.032126 0.042533 0.064251
