21 0.493870 0.599473 0.038040 0.073867
21 0.582454 0.600557 0.036953 0.080384
21 0.665609 0.600563 0.038040 0.067350
21 0.747129 0.598385 0.025000 0.069518
21 0.828109 0.601104 0.028262 0.072780
21 0.911257 0.597298 0.022826 0.069518
21 0.985791 0.597298 0.028418 0.073867
21 0.987044 0.048275 0.025911 0.073867
21 0.909417 0.052614 0.038040 0.078210
21 0.826807 0.050443 0.038040 0.071693
21 0.745290 0.050446 0.035866 0.078210
21 0.668115 0.049902 0.038040 0.083646
21 0.581162 0.046100 0.035866 0.076042
21 0.500186 0.040127 0.032611 0.074954
