8 0.946364 0.704440 0.031178 0.073451
8 0.903304 0.699251 0.032663 0.080872
8 0.862474 0.705557 0.038607 0.060840
8 0.822018 0.705928 0.043802 0.066035
8 0.781185 0.707041 0.040833 0.063809
8 0.742204 0.707780 0.028210 0.068255
8 0.423105 0.708415 0.040091 0.059355
8 0.378939 0.705446 0.036380 0.063809
8 0.339219 0.709157 0.043060 0.063809
8 0.298014 0.709157 0.042318 0.060840
8 0.253470 0.712868 0.039349 0.057871
8 0.219691 0.709525 0.029694 0.067513
5 0.939336 0.124958 0.039883 0.044759
5 0.905892 0.124040 0.041719 0.042923
5 0.860801 0.124346 0.041107 0.043535
5 0.823376 0.121589 0.037428 0.041693
5 0.781042 0.120055 0.030065 0.037402
5 0.735638 0.120055 0.031289 0.037402
5 0.698665 0.115798 0.034583 0.039499
5 0.419622 0.123333 0.030677 0.041250
5 0.379463 0.123613 0.026217 0.040690
5 0.338187 0.123893 0.028444 0.043477
5 0.297471 0.122777 0.031790 0.042363
5 0.257311 0.120267 0.027331 0.038464
5 0.214967 0.120189 0.039128 0.038021
5 0.178561 0.110413 0.033698 0.055397
