6 0.230898 0.371781 0.075000 0.047793
5 0.603148 0.532946 0.030592 0.041465
5 0.644212 0.542786 0.027240 0.036016
5 0.684232 0.539434 0.031849 0.030990
5 0.726559 0.542370 0.024303 0.032669
5 0.768252 0.542786 0.026400 0.036016
5 0.807435 0.544668 0.030169 0.038112
5 0.848343 0.542383 0.024499 0.037839
5 0.889912 0.543496 0.027467 0.041549
5 0.931589 0.542598 0.029023 0.037096
5 0.971742 0.542936 0.026999 0.040469
8 0.767406 0.684681 0.036829 0.087982
8 0.724287 0.684681 0.040423 0.087982
8 0.684762 0.686927 0.036829 0.087083
8 0.642093 0.687376 0.039525 0.086185
6 0.065358 0.415801 0.043398 0.043372
