21 0.224414 0.907835 0.047826 0.078210
21 0.138542 0.909466 0.039128 0.077122
6 0.829232 0.287712 0.054349 0.059251
7 0.818314 0.438428 0.040013 0.069368
21 0.224398 0.693330 0.048665 0.086751
21 0.145485 0.694645 0.051296 0.086751
6 0.218893 0.587620 0.049271 0.056660
6 0.151396 0.586608 0.050618 0.050586
21 0.978242 0.083753 0.043516 0.079590
21 0.900130 0.081729 0.045221 0.072845
21 0.822516 0.078018 0.058717 0.076217
17 0.857614 0.012536 0.115410 0.025072
13 0.140996 0.015723 0.045286 0.031445
13 0.062298 0.014613 0.051224 0.029225
21 0.228646 0.078444 0.054935 0.080872
21 0.143646 0.081042 0.057161 0.072708
21 0.061608 0.081784 0.053451 0.072708
